0
0
0
0
0
0
0
0
0
0
0
0
0
0
0
0
0
0
0
0
0
0
0
0
0
0
0
0
0
0
0
0
0
0
0
0
0
0
0
0
0
0
0
0
0
0
0
0
0
0
0
0
0
0
0
0
0
0
0
0
0
0
0
0
0
0
0
0
0
0
0
0
0
0
0
0
0
0
0
0
0
0
0
0
0
0
0
0
0
0
0
0
0
0
0
0
0
0
0
0
0
0
0
3.44469
3.47359
3.49378
3.49898
3.50509
3.51085
3.51464
3.51475
3.51864
3.52737
3.53059
3.5334
3.53406
3.54185
3.54203
3.55001
3.55034
3.55098
3.55143
3.55507
3.55615
3.56376
3.56406
3.56413
3.56419
3.56674
3.56743
3.57034
3.57047
3.57132
3.57143
3.57248
3.57358
3.57782
3.57786
3.57839
3.57912
3.57942
3.57949
3.58108
3.58238
3.58238
3.58312
3.58322
3.58375
3.5853
3.58638
3.58662
3.58714
3.58758
3.58884
3.5907
3.59374
3.59429
3.59865
3.60025
3.60143
3.60268
3.60471
3.60532
3.60647
3.60747
3.61276
3.61324
3.61645
3.61673
3.61738
3.62008
3.62058
3.62074
3.62479
3.62479
3.6279
3.62823
3.63074
3.63099
3.63168
3.63389
3.63417
3.63762
3.63938
3.64085
3.641
3.64195
3.64214
3.64298
3.6434
3.64537
3.64568
3.64736
3.64755
3.64803
3.65148
3.65152
3.65187
3.65192
3.6557
3.6627
3.68679
3.68845
3.70884
3.72088
3.73825
3.74639
4.49882
4.71982
4.75611
5.04913
5.14255
5.15053
5.28171
5.35321
5.36231
5.54533
5.54945
5.76728
5.76989
5.79747
5.8714
5.93942
5.97614
5.99902
6.12297
6.12682
6.16157
6.18709
6.19138
6.20392
6.21115
6.21177
6.23502
6.23828
6.24535
6.24992
6.25727
6.29933
6.31634
6.35694
6.40644
6.41037
6.45263
6.47128
6.50245
6.51737
6.52004
6.52047
6.53187
6.53265
6.53948
6.55587
6.60824
6.60829
6.61129
6.7472
6.77349
6.83726
6.85299
6.8858
6.91379
6.91986
6.97922
7.0043
7.02134
7.02807
7.02904
7.03152
7.03348
7.03726
7.04784
7.05304
7.05999
7.06293
7.07451
7.07745
7.07756
7.09531
7.09612
7.15082
7.15628
7.15713
7.17939
7.17939
7.19856
7.21174
7.22078
7.22434
7.23391
7.23391
7.26104
7.26104
7.2624
7.27762
7.27901
7.28225
7.28225
7.28609
7.28609
7.29822
7.30321
7.30321
7.31372
7.31372
7.33147
7.33147
7.33205
7.33205
7.33636
7.36275
7.39837
7.39837
7.40776
7.40843
7.41942
7.41942
7.43099
7.43099
7.43349
7.43349
7.43353
7.43416
7.44603
7.44603
7.45018
7.45164
7.45164
7.47867
7.47867
7.49013
7.49196
7.49613
7.51317
7.53093
7.54034
7.54034
7.55258
7.56071
7.56071
7.56524
7.56524
7.56742
7.56805
7.57499
7.60235
7.61801
7.61801
7.64836
7.64836
7.65508
7.67946
7.67946
7.68132
7.68132
7.68511
7.68947
7.68947
7.68984
7.68984
7.70723
7.7111
7.71296
7.71469
7.72258
7.72651
7.73111
7.73111
7.7466
7.75374
7.75511
7.75511
7.7624
7.7624
7.7634
7.7634
7.76744
7.76744
7.77076
7.77657
7.77749
7.77749
7.77838
7.77954
7.79193
7.79341
7.79593
7.79969
7.80273
7.80945
7.80945
7.81467
7.82099
7.83237
7.83597
7.83628
7.85302
7.85577
7.85577
7.85639
7.86033
7.86506
7.89189
7.89189
7.91497
7.91733
7.92657
7.93129
7.93369
7.93888
7.94633
7.94745
7.96269
7.96682
7.97577
7.98671
7.98671
7.98727
7.99231
7.99532
8.00619
8.01709
8.02257
8.02675
8.02757
8.0349
8.03937
8.04051
8.04051
8.05037
8.05398
8.07498
8.07875
8.08129
8.08192
8.08192
8.0868
8.08714
8.10326
8.10406
8.10764
8.11818
8.12301
8.12301
8.12955
8.1478
8.14821
8.15027
8.1541
8.15825
8.16171
8.17224
8.17398
8.1758
8.18328
8.18517
8.18517
8.1871
8.19834
8.20335
8.20623
8.21284
8.2205
8.22709
8.23849
8.24421
8.24565
8.26008
8.26138
8.26138
8.26421
8.27155
8.27616
8.27759
8.27796
8.27796
8.28362
8.294
8.2976
8.30193
8.30195
8.30311
8.30365
8.30365
8.30448
8.3162
8.321
8.32685
8.32925
8.3315
8.33238
8.3333
8.3333
8.3447
8.34493
8.34792
8.36157
8.37221
8.37221
8.37412
8.37416
8.37746
8.39609
8.39976
8.40003
8.40018
8.4192
8.4192
8.42384
8.43484
8.43582
8.43697
8.47126
8.47126
8.47918
8.47943
8.47971
8.47971
8.49552
8.49744
8.50641
8.50895
8.50952
8.51136
8.51452
8.51453
8.52373
8.52373
8.53557
8.53687
8.53772
8.54778
8.54849
8.57984
8.59208
8.59417
8.59587
8.6317
8.64789
8.66555
8.66741
8.67032
8.67032
8.68342
8.68616
8.69807
8.69807
8.69846
8.70422
8.70454
8.70548
8.71744
8.7229
8.7362
8.73647
8.75031
8.75031
8.75335
8.75507
8.7611
8.7767
8.7767
8.78416
8.79148
8.79495
8.80203
8.81077
8.81199
8.81229
8.82734
8.8298
8.83908
8.8401
8.84857
8.84861
8.8642
8.86632
8.86632
8.88454
8.88459
8.88925
8.89059
8.89059
8.89251
8.8994
8.91585
8.91777
8.91866
8.92176
8.92574
8.92763
8.92767
8.94445
8.95013
8.95435
8.95435
8.96563
8.96675
8.96825
8.97247
8.98429
8.99364
9.00905
9.01494
9.02842
9.03586
9.0396
9.04729
9.05003
9.05062
9.05116
9.06157
9.06157
9.06624
9.07404
9.07728
9.08099
9.09284
9.09426
9.09542
9.1012
9.11307
9.11503
9.13636
9.13637
9.13957
9.14025
9.15411
9.15482
9.16073
9.16502
9.16548
9.16548
9.1685
9.18503
9.19198
9.1929
9.1933
9.20169
9.22033
9.22791
9.22791
9.22915
9.22915
9.23693
9.24075
9.24149
9.24896
9.25009
9.25626
9.25626
9.25702
9.25702
9.26213
9.2682
9.27355
9.30988
9.31782
9.32169
9.3225
9.34822
9.35224
9.35443
9.36041
9.36407
9.37695
9.37868
9.38084
9.38254
9.39227
9.39227
9.39703
9.40162
9.40276
9.40789
9.43496
9.44639
9.47407
9.48466
9.49219
9.4932
9.49534
9.50868
9.51676
9.51711
9.51778
9.52219
9.52253
9.52789
9.53445
9.53583
9.53583
9.55635
9.58243
9.61461
9.62065
9.62817
9.64232
9.64363
9.64363
9.65459
9.65733
9.65932
9.66442
9.66442
9.66442
9.66442
9.66934
9.66948
9.67643
9.68391
9.69109
9.70939
9.7175
9.7218
9.7218
9.72457
9.72565
9.73312
9.73905
9.73975
9.74756
9.75247
9.75961
9.76559
9.77251
9.77609
9.77776
9.77798
9.77798
9.78658
9.78751
9.81823
9.83042
9.84145
9.84392
9.84392
9.84772
9.85062
9.8559
9.88467
9.90536
9.90536
9.91743
9.91745
9.92354
9.92714
9.93388
9.94423
9.94672
9.94672
9.95394
9.95394
9.9549
9.95663
9.95664
9.96903
9.9744
9.97781
9.9789
9.98069
9.98271
10.0069
10.0101
10.0234
10.029
10.029
10.0311
10.0421
10.0477
10.0477
10.0525
10.0601
10.0601
10.0696
10.0708
10.0708
10.0772
10.0772
10.0924
10.1062
10.1119
10.1373
10.1536
10.1557
10.1557
10.1557
10.1557
10.193
10.193
10.2066
10.2097
10.2235
10.2235
10.2272
10.2272
10.2425
10.2613
10.2617
10.2683
10.2779
10.3019
10.3058
10.3077
10.3114
10.3457
10.3513
10.3513
10.3513
10.3513
10.3863
10.3869
10.3889
10.4098
10.4322
10.4411
10.4502
10.4711
10.4816
10.485
10.4916
10.5065
10.5065
10.512
10.512
10.5171
10.5341
10.5725
10.5738
10.5743
10.5743
10.5743
10.5743
10.577
10.577
10.5826
10.5903
10.5907
10.5907
10.606
10.6158
10.6158
10.6404
10.6437
10.656
10.6765
10.682
10.6835
10.6838
10.6873
10.6965
10.6965
10.7114
10.7136
10.7136
10.7136
10.7136
10.7149
10.7163
10.7192
10.7233
10.7233
10.7233
10.7233
10.7333
10.7443
10.7499
10.7617
10.7646
10.7977
10.7977
10.8137
10.8158
10.8232
10.8334
10.8386
10.8386
10.8636
10.8636
10.8835
10.8836
10.9358
10.9602
10.9602
10.9726
10.9745
10.9808
11.0145
11.0747
11.0747
11.0803
11.0803
11.1374
11.1953
11.2265
11.2825
11.2825
11.3048
11.3048
11.3296
11.3419
11.3419
11.3531
11.363
11.3642
11.3783
11.3787
11.3787
11.3827
11.3827
11.4689
11.4689
11.4689
11.4689
11.4879
11.4879
11.4998
11.5137
11.5232
11.532
11.5451
11.5822
11.6051
11.6051
11.6522
11.6691
11.6972
11.6972
11.7037
11.7459
11.7623
11.7796
11.7796
11.7803
11.7803
11.7955
11.8231
11.8443
11.8443
11.9223
11.9276
11.9276
11.9288
11.9333
11.9896
12.0652
12.0652
12.0653
12.0692
12.074
12.0981
12.1065
12.1079
12.1107
12.1107
12.1107
12.1107
12.1374
12.1398
12.1562
12.1605
12.204
12.204
12.236
12.2518
12.3155
12.3172
12.3172
12.3872
12.4109
12.4601
12.4677
12.4722
12.4722
12.4764
12.4764
12.5026
12.5059
12.5184
12.5184
12.5217
12.5217
12.5265
12.5758
12.5758
12.5787
12.5819
12.6128
12.6408
12.6408
12.6605
12.6672
12.7018
12.7099
12.714
12.714
12.7413
12.7474
12.7614
12.7843
12.7843
12.7844
12.817
12.8187
12.8363
12.8766
12.8766
12.8932
12.9016
12.9034
12.9228
12.9403
12.9407
12.9407
12.9407
12.9407
12.9582
12.97
12.9841
13.0239
13.0285
13.0424
13.0603
13.0603
13.1347
13.1397
13.1397
13.168
13.1729
13.2914
13.314
13.314
13.314
13.314
13.3359
13.3359
13.3872
13.4364
13.4806
13.4863
13.5125
13.5152
13.5876
13.5876
13.6087
13.6737
13.7171
13.7441
13.7441
13.7556
13.7556
13.7576
13.7576
13.8829
13.9185
13.9185
13.9207
13.9358
13.9358
13.9361
13.9361
13.9653
13.9709
13.9738
13.9905
14.0052
14.0494
14.0494
14.1364
14.1364
14.1364
14.1364
14.2499
14.2499
14.2499
14.2499
14.27
14.27
14.2856
14.2856
14.3286
14.3286
14.3286
14.3286
14.3346
14.3637
14.3637
14.3637
14.3637
14.3747
14.3747
14.3747
14.3747
14.4002
14.4002
14.4432
14.5523
14.5523
14.5885
14.6144
14.6145
14.6523
14.6735
14.6761
14.7446
14.7497
14.7497
14.7593
14.764
14.7804
14.7804
14.796
14.796
14.796
14.796
14.8844
14.8844
14.8844
14.8844
14.9097
14.9227
14.9252
14.9252
14.9264
14.9879
14.9879
15.0252
15.0252
15.0272
15.0272
15.043
15.043
15.0454
15.0454
15.0725
15.1162
15.144
15.182
15.182
15.1827
15.1827
15.2133
15.2201
15.2382
15.2382
15.3103
15.3172
15.3419
15.3465
15.3937
15.448
15.448
15.4579
15.4579
15.5003
15.5003
15.5003
15.5003
15.547
15.547
15.607
15.64
15.64
15.6418
15.6418
15.7029
15.7029
15.716
15.7531
15.7531
15.8307
15.8325
15.8325
15.8539
15.8539
15.8539
15.8539
15.9066
15.9066
15.9101
15.9101
15.9661
15.9955
15.9955
16.0912
16.0917
16.0972
16.1068
16.1783
16.202
16.2476
16.2476
16.2652
16.2652
16.2781
16.3075
16.3188
16.3188
16.3245
16.3245
16.3321
16.3321
16.3851
16.3872
16.4341
16.4438
16.4438
16.45
16.4633
16.5422
16.5747
16.5747
16.5747
16.5747
16.6683
16.6825
16.6825
16.7045
16.7242
16.7454
16.7454
16.7923
16.8504
16.9256
16.9256
16.9334
16.9334
16.9447
16.9546
16.9689
16.9689
17.0248
17.0248
17.0248
17.0248
17.0747
17.0747
17.0754
17.0754
17.0754
17.0754
17.0761
17.0813
17.0813
17.092
17.0943
17.0943
17.1193
17.1556
17.1556
17.1984
17.2138
17.2138
17.2771
17.2771
17.3408
17.3583
17.3583
17.459
17.5137
17.5886
17.6652
17.6652
17.6674
17.6674
17.7382
17.7382
17.7858
17.7858
17.7893
17.8717
17.8722
17.8722
17.9286
17.9287
17.9287
17.9293
17.9293
17.9474
17.9983
17.999
18.0042
18.0203
18.0203
18.0203
18.0203
18.1414
18.1414
18.1556
18.1914
18.1921
18.1921
18.2028
18.2261
18.2642
18.2642
18.2642
18.2642
18.2841
18.2848
18.3538
18.3538
18.5051
18.5051
18.521
18.521
18.5227
18.5229
18.5297
18.5297
18.6155
18.6155
18.6783
18.6959
18.6959
18.7611
18.7611
18.8049
18.8049
18.8223
18.8223
18.854
19.0942
19.0942
19.1766
19.1864
19.1864
19.1924
19.1924
19.2253
19.2253
19.2603
19.3574
19.3574
19.3574
19.3574
19.4031
19.4619
19.4669
19.6194
19.6462
19.6462
19.6927
19.6927
19.7786
19.7786
19.8069
19.8069
19.8069
19.8069
19.8494
19.861
19.8727
19.8853
19.8853
20.0067
20.1285
20.1285
20.1464
20.1464
20.173
20.1981
20.1981
20.2367
20.2367
20.2367
20.2367
20.2521
20.2521
20.2557
20.2557
20.2587
20.2587
20.2715
20.2715
20.295
20.295
20.295
20.295
20.3442
20.3442
20.3673
20.3763
20.4356
20.4356
20.4541
20.4541
20.4541
20.4541
20.5713
20.5713
20.688
20.688
20.7352
20.7352
20.84
20.8814
20.8814
20.9149
20.9427
20.9427
20.9598
20.9598
20.9739
20.9739
21.0161
21.0161
21.2925
21.2925
21.2965
21.2965
21.2965
21.2965
21.3459
21.3459
21.3459
21.3459
21.4266
21.4266
21.4292
21.4292
21.5366
21.8383
21.8383
21.9832
22.1343
22.1343
22.1699
22.2202
22.2202
22.3606
22.3606
22.3687
22.3687
22.3873
22.3873
22.4482
22.4482
22.4826
22.4826
22.4826
22.4826
22.4868
22.4868
22.8424
22.8424
22.9021
22.9021
22.9069
22.9535
22.9535
22.9953
23.068
23.068
23.0963
23.1709
23.1709
23.184
23.184
23.184
23.184
23.3623
23.3623
23.4046
23.4046
23.4509
23.6589
23.6589
23.7348
23.7348
23.7348
23.7348
23.8175
23.8175
23.8598
23.907
23.9337
23.9337
23.9337
23.9337
23.9564
23.9564
23.9772
23.9772
24.2767
24.2767
24.2841
24.3668
24.3668
24.4014
24.4188
24.5528
24.5528
24.6854
24.6854
24.6944
24.6944
24.814
24.814
24.814
24.814
24.9751
24.9751
24.9936
24.9936
25.2094
25.2094
25.3428
25.3428
25.3428
25.3428
25.4809
25.4809
25.7227
25.7227
25.7314
25.7314
25.7314
25.7314
25.7436
25.7873
25.7873
25.8081
25.8081
25.8081
25.8081
25.9595
25.9595
26.0869
26.0869
26.2119
26.2119
26.2119
26.2119
26.2855
26.2855
26.3637
26.3637
26.52
26.52
26.52
26.52
26.8424
26.8424
26.8543
26.8543
26.8543
26.8543
26.8588
26.8588
26.8588
26.8588
26.9266
26.9266
26.9266
26.9266
26.9309
26.9309
26.9567
26.9618
26.9618
27.043
27.043
27.1099
27.1099
27.1219
27.1219
27.1558
27.244
27.2665
27.289
27.6908
27.6908
27.7934
27.7934
27.795
27.795
28.1172
28.1172
28.211
28.211
28.2795
28.2795
28.2796
28.2796
28.3452
28.4067
28.4067
28.4106
28.4106
28.4854
28.4854
28.5664
28.5664
28.586
28.5938
28.6707
28.8229
28.8229
28.8229
28.8229
28.855
29.0978
29.0978
29.0978
29.0978
29.1011
29.1011
29.1011
29.1011
29.1422
29.1702
29.2101
29.2393
29.2393
29.2922
29.2928
29.3323
29.3932
29.3932
29.4767
29.4767
29.4777
29.4777
29.4999
29.4999
29.4999
29.4999
29.5461
29.5472
29.5503
29.5875
29.5875
29.5991
29.5991
29.6314
29.6314
29.6379
29.6379
29.7066
29.8212
29.8999
29.8999
30.1257
30.1458
30.271
30.271
30.271
30.271
30.3851
30.3851
30.4697
30.4697
30.477
30.477
30.4825
30.4825
30.7324
30.7324
30.7864
30.7864
30.7871
30.7871
30.7871
30.7871
30.8063
31.1491
31.1491
31.1491
31.1491
31.2962
31.3063
31.3063
31.3063
31.3063
31.3086
31.3127
31.3127
31.3299
31.3299
31.3405
31.3405
31.5946
31.5946
31.5946
31.5946
31.6215
31.6215
31.6215
31.6215
31.6265
31.6265
31.7077
31.7077
31.7337
31.7337
31.7494
31.7494
31.8209
31.8209
32.0703
32.0703
32.0703
32.0703
32.3155
32.3155
32.4818
32.4818
32.8002
32.8002
32.8002
32.8002
32.8447
32.8447
33.0855
33.0855
33.2318
33.2318
33.3862
33.3862
33.3862
33.3862
33.505
33.505
33.5978
33.5978
33.5978
33.5978
33.6266
33.6266
33.6266
33.6266
33.6918
33.6918
33.7199
33.7199
33.7199
33.7199
33.9132
33.9132
33.9132
33.9132
33.9848
33.9848
33.9942
33.9942
33.9942
33.9942
34.039
34.0807
34.0807
34.0807
34.0807
34.1555
34.1555
34.1957
34.1957
34.2956
34.2956
34.2956
34.2956
34.3487
34.3487
34.4946
34.4946
34.5239
34.5239
34.524
34.524
34.608
34.608
34.6186
34.6186
34.6751
34.6751
34.6751
34.6751
34.785
34.785
34.8593
34.8593
34.914
34.914
34.914
34.914
34.934
34.934
34.934
34.934
35.1016
35.1016
35.1345
35.1345
35.1345
35.1345
35.1518
35.1518
35.1771
35.2085
35.2085
35.2432
35.2432
35.37
35.37
35.8969
35.9101
35.9101
35.9101
35.9101
35.9708
35.9708
36.0247
36.0252
36.0545
36.0545
36.2374
36.2374
36.2374
36.2374
36.3661
36.3686
36.3852
36.5678
36.5678
36.6106
36.6106
36.6441
36.6441
37.551
37.551
37.6539
37.6539
37.6539
37.6539
37.7149
37.7149
37.7149
37.7149
38.5717
38.5717
38.5717
38.5717
38.5791
38.5791
38.5791
38.5791
38.7302
38.7302
38.8098
38.8098
38.8204
38.8204
39.208
39.208
39.208
39.208
39.5761
39.5761
39.8186
39.8186
39.9277
39.9277
39.9277
39.9277
40.2391
40.2391
40.383
40.383
40.6692
40.6692
41.5652
41.5652
41.5652
41.5652
41.7019
41.7019
42.3799
42.3799
42.3799
42.3799
42.5382
42.5382
42.5382
42.5382
42.6812
42.6812
42.6812
42.6812
43.2824
43.2824
44.1603
44.1603
44.4373
44.4373
44.5662
44.5662
44.6366
44.6366
45.2927
45.2927
45.3246
45.3246
45.3246
45.3246
46.1027
46.1027
46.1636
46.1636
46.2978
46.2978
46.433
46.433
47.3978
47.3978
47.3978
47.3978
48.0912
48.0912
48.0912
48.0912
48.9028
48.9028
49.274
49.274
49.3635
49.3635
49.3635
49.3635
49.5421
49.5421
49.5421
49.5421
50.0075
50.0075
50.8536
50.8536
50.9082
50.9082
50.9082
50.9082
51.548
51.6063
51.6063
51.7525
52.5679
52.5679
52.5679
52.5679
52.7745
52.7745
53.7657
53.7657
54.4112
54.4112
54.4112
54.4112
54.7599
54.7599
54.7716
54.7716
54.7716
54.7716
54.805
54.805
54.9196
54.9196
55.7803
55.7803
55.7803
55.7803
56.2967
56.2967
57.2903
57.2903
57.2903
57.2903
57.9949
57.9949
58.0191
58.0191
58.1062
58.1062
58.6083
58.6083
58.8221
58.8221
58.8221
58.8221
59.3199
59.3199
59.3206
59.3206
59.5364
59.5364
60.2624
60.2624
60.8878
60.8878
60.978
62.4661
62.4661
62.4661
62.4661
64.0928
64.0928
66.0621
66.0621
68.9843
68.9843
72.4107
72.4107
72.4107
72.4107
73.4707
73.4707
73.4707
73.4707
74.5075
74.5075
74.5075
74.5075
80.7948
80.7948
82.2962
82.2962
82.2962
82.2962
86.1565
86.1565
86.1565
86.1565
86.9524
86.9524
87.4633
87.4633
90.4661
90.4661
90.4661
90.4661
93.3559
93.3559
93.3559
93.3559
97.5944
97.5944
97.5944
97.5944
97.7597
97.7597
97.7597
97.7597
103.006
103.006
103.006
103.006
119.398
119.398
119.398
119.398
123.65
123.65
123.65
123.65
127.808
127.808
127.808
127.808
129.327
129.327
146.355
146.355
146.355
146.355
146.664
146.664
146.664
146.664
153.096
153.096
153.096
153.096
163.925
163.925
163.925
163.925
169.794
169.794
169.794
169.794
169.973
169.973
169.973
169.973
170.477
170.477
174.85
174.85
178.244
178.244
178.244
178.244
180.768
180.768
180.768
180.768
184.915
184.915
184.915
184.915
187.79
187.79
188.981
188.981
188.981
188.981
189.206
189.206
189.206
189.206
192.485
192.485
192.485
192.485
192.61
192.61
196.663
196.663
196.663
196.663
206.865
206.865
206.865
206.865
209.36
209.36
209.36
209.36
214.135
214.135
218.149
218.149
218.149
218.149
219.45
219.45
228.094
228.094
228.094
228.094
233.973
233.973
233.973
233.973
244.396
244.396
254.784
254.784
254.784
254.784
271.192
271.192
271.192
271.192
276.788
276.788
287.341
287.341
287.75
287.75
299.799
299.799
342.877
342.877
342.877
342.877
347.762
347.762
350.393
350.393
350.393
350.393
353.2
353.2
353.2
353.2
374.44
374.44
374.44
374.44
399.964
399.964
399.964
399.964
404.968
404.968
404.968
404.968
416.649
416.649
416.649
416.649
437.377
437.377
437.377
437.377
438.117
438.117
438.117
438.117
459.088
459.088
490.601
490.601
490.601
490.601
499.905
499.905
501.042
501.042
501.099
501.099
555.219
555.219
555.219
555.219
583.58
583.58
583.58
583.58
621.154
621.154
621.154
621.154
622.3
622.3
622.3
622.3
624.406
624.406
624.406
624.406
634.552
634.552
714.209
714.209
714.209
714.209
745.478
745.478
745.478
745.478
757.214
757.214
757.214
757.214
791.623
791.623
859.601
859.601
891.997
891.997
891.997
891.997
949.87
949.87
949.87
949.87
977.495
977.495
977.495
977.495
1032.9
1032.9
1032.9
1032.9
1122.78
1122.78
1122.78
1122.78
1175.76
1175.76
1259.87
1259.87
1344.28
1344.28
1365.93
1365.93
1440.76
1440.76
1440.76
1440.76
1538.8
1538.8
1538.8
1538.8
1843.27
1843.27
1843.27
1843.27
2218.75
2218.75
2218.75
2218.75
2506.61
2506.61
2506.61
2506.61
2568.4
2568.4
2568.4
2568.4
2835.6
2835.6
2835.6
2835.6
2948.57
2948.57
3132.46
3132.46
3132.46
3132.46
4613.89
4613.89
4613.89
4613.89
5268.84
5268.84
5268.84
5268.84
5342.33
5342.33
6565.53
6565.53
9724.62
9724.62
9724.62
9724.62
10201.8
10201.8
11597.1
11597.1
11597.1
11597.1
16807.3
16807.3
21347.4
21347.4
21347.4
21347.4
22051.6
22051.6
22051.6
22051.6
23270.4
23270.4
36678
36678
36678
36678
37408.1
37408.1
37408.1
37408.1
75102
75102
438882
438882
438882
438882
954528
954528
6.99363e+07
6.99363e+07
1.24144e+08
1.24144e+08
