0
0
0
0
0
0
0
0
0
0
0
0
0
0
0
0
0
0
0
0
0
0
0
0
0
0
0
0
0
0
0
0
0
0
0
0
0
0
0
0
0
0
0
0
0
0
0
0
0
0
0
0
0
0
0
0
0
0
0
0
0
0
0
0
0
0
0
0
0
0
0
0
0.452181
0.453594
0.453624
0.454123
0.454555
0.455055
0.455056
0.455499
0.456071
0.456293
0.456439
0.456481
0.45927
0.459432
0.459937
0.46049
0.460821
0.461425
0.463803
0.463909
0.464138
0.464562
0.46487
0.465082
0.475025
0.475226
0.475308
0.475405
0.475578
0.47561
0.475687
0.475938
0.476003
0.476009
0.476067
0.476276
0.476287
0.476698
0.476703
0.47692
0.476944
0.4773
0.477409
0.477413
0.477453
0.477468
0.477636
0.477668
0.477668
0.478053
0.47812
0.478272
0.478425
0.478474
0.478793
0.478843
0.478993
0.479113
0.479326
0.479363
0.479391
0.479413
0.479565
0.479657
0.479878
0.480131
0.480137
0.480153
0.480463
0.480644
0.480873
0.481
0.481388
0.482142
0.482166
0.482241
0.482456
0.482857
0.48335
0.483394
0.483402
0.48343
0.483647
0.483692
0.51178
0.512038
0.51225
0.512465
0.512753
0.512934
0.513658
0.513723
0.513797
0.514184
0.514342
0.515475
0.515523
0.515797
0.516134
0.516667
0.51672
0.517144
0.517198
0.517417
0.517744
0.517871
0.51829
0.518566
1.28383
1.28383
1.28403
1.28403
1.28622
1.28622
1.29124
1.29124
1.29695
1.29695
1.30737
1.30737
1.31163
1.31163
1.31261
1.31261
1.31593
1.31593
1.31868
1.31868
1.32113
1.32113
1.3239
1.3239
1.32415
1.32415
1.32909
1.32909
1.33722
1.33722
1.34029
1.34029
1.34219
1.34228
1.34228
1.34241
1.34241
1.34318
1.34343
1.34343
1.34497
1.34497
1.34498
1.34498
1.34606
1.34718
1.34776
1.34776
1.35079
1.35079
1.35129
1.3518
1.35236
1.3534
1.35375
1.35435
1.35543
1.35854
1.35854
1.3593
1.39771
1.39771
1.39771
1.39771
1.4921
1.4921
1.4921
1.4921
1.49276
1.49276
1.49276
1.49276
1.49575
1.49575
1.49575
1.49575
1.51926
1.51926
1.51926
1.51926
1.51934
1.51934
1.51934
1.51934
1.57117
1.57117
1.57117
1.57117
1.61666
1.61666
1.61666
1.61666
1.62176
1.62176
1.62176
1.62176
1.6238
1.6238
1.6238
1.6238
1.69377
1.69377
1.70111
1.70111
1.70272
1.70272
1.70412
1.70412
1.71609
1.71609
1.72
1.72
1.72704
1.72704
1.74226
1.74226
1.74255
1.74255
1.74394
1.74394
1.75301
1.75301
1.75388
1.75388
1.75537
1.75537
1.75779
1.75779
1.75825
1.75825
1.76021
1.76021
1.76021
1.76021
1.7618
1.7618
1.7641
1.7641
1.76744
1.76744
1.76808
1.76808
1.77624
1.77624
1.7784
1.7784
1.78055
1.78055
1.78055
1.78055
1.78473
1.78473
1.78644
1.78644
1.79243
1.79243
1.79243
1.79243
1.79638
1.79638
1.79638
1.79638
1.79677
1.79677
1.79871
1.79871
1.79871
1.79871
1.80289
1.80289
1.80289
1.80289
1.80462
1.80462
1.823
1.823
1.82375
1.82376
1.82393
1.83043
1.83047
1.83067
1.8362
1.8362
1.83726
1.83726
1.83728
1.83841
1.83841
1.83905
1.83905
1.84
1.84
1.84
1.84
1.84167
1.84168
1.84191
1.84233
1.84237
1.84247
1.84248
1.84249
1.84261
1.84326
1.84326
1.8433
1.84338
1.84342
1.8438
1.84549
1.84549
1.84555
1.84567
1.84568
1.84569
1.84705
1.84705
1.84766
1.84795
1.84795
1.84801
1.84801
1.84808
1.84897
1.84897
1.8507
1.8507
1.85087
1.85087
1.85101
1.85101
1.85137
1.85144
1.85202
1.85202
1.85305
1.85305
1.85309
1.85328
1.85336
1.85347
1.85362
1.85381
1.8539
1.8539
1.85394
1.85511
1.85527
1.85667
1.85667
1.85723
1.85723
1.85771
1.85771
1.85774
1.85845
1.85857
1.85857
1.85863
1.86101
1.86101
1.86166
1.8617
1.86178
1.86232
1.86232
1.86282
1.86282
1.86434
1.86434
1.86505
1.86516
1.86516
1.86575
1.86575
1.86617
1.86667
1.86732
1.86735
1.86793
1.86828
1.87108
1.87217
1.87317
1.87317
1.87335
1.87336
1.87424
1.87484
1.87484
1.87765
1.87765
1.87765
1.87765
1.87869
1.88107
1.88107
1.88444
1.8852
1.90058
1.90058
1.90058
1.90058
1.9068
1.9068
1.9068
1.9068
1.90869
1.90869
1.90869
1.90869
1.94956
1.94956
1.94956
1.94956
1.95066
1.95066
1.95066
1.95066
1.95337
1.95337
1.95337
1.95337
1.95446
1.95446
1.95446
1.95446
1.95592
1.95592
1.95592
1.95592
1.96858
1.96858
1.96858
1.96858
1.97395
1.97395
1.97395
1.97395
1.97512
1.97512
1.97512
1.97512
1.98133
1.98133
1.98133
1.98133
1.99898
1.99898
1.99898
1.99898
1.99976
1.99976
1.99976
1.99976
2.0003
2.0003
2.0003
2.0003
2.01054
2.01054
2.01054
2.01054
2.01081
2.01081
2.01081
2.01081
2.01739
2.01739
2.01739
2.01739
2.02841
2.02841
2.02841
2.02841
2.03008
2.03008
2.03008
2.03008
2.04103
2.04103
2.04103
2.04103
2.04147
2.04147
2.04148
2.04148
2.04148
2.04148
2.04191
2.04191
2.04647
2.04647
2.05076
2.05076
2.05076
2.05076
2.05511
2.05511
2.05611
2.05611
2.05611
2.05611
2.05696
2.05696
2.05725
2.05725
2.05725
2.05725
2.05739
2.05739
2.05739
2.05739
2.05961
2.05963
2.05964
2.0599
2.07083
2.07083
2.07083
2.07083
2.07904
2.07904
2.07904
2.07904
2.09314
2.09314
2.09314
2.09314
2.09377
2.09377
2.09377
2.09377
2.09551
2.09551
2.09551
2.09551
2.09562
2.09562
2.09562
2.09562
2.09812
2.09812
2.09812
2.09812
2.10696
2.10696
2.10696
2.10696
2.11311
2.11311
2.11311
2.11311
2.12627
2.12627
2.12627
2.12627
2.12986
2.12986
2.12986
2.12986
2.14641
2.14641
2.14641
2.14641
2.14852
2.14852
2.14852
2.14852
2.15201
2.15201
2.15201
2.15201
2.17315
2.17315
2.17315
2.17315
2.17368
2.17368
2.17368
2.17368
2.17734
2.17734
2.17734
2.17734
2.22003
2.22003
2.22003
2.22003
2.22158
2.22158
2.22158
2.22158
2.22346
2.22346
2.22346
2.22346
2.25524
2.25524
2.25524
2.25524
2.26456
2.26456
2.26456
2.26456
2.31418
2.31418
2.31418
2.31418
2.31866
2.31866
2.31866
2.31866
2.35907
2.35907
2.35907
2.35907
2.58476
2.58476
2.58476
2.58476
2.59695
2.59695
2.59695
2.59695
2.71295
2.71295
2.71295
2.71295
2.76524
2.76524
2.76524
2.76524
3.27499
3.27499
3.27499
3.27499
3.59345
3.59345
3.59345
3.59345
3.63408
3.63408
3.63408
3.63408
4.21284
4.21284
4.21284
4.21284
4.25906
4.25906
4.25906
4.25906
4.59138
4.59138
4.59138
4.59138
4.59662
4.59662
4.59662
4.59662
4.60563
4.60563
4.60563
4.60563
4.794
4.794
4.794
4.794
4.8104
4.8104
4.8104
4.8104
4.83569
4.83569
4.83569
4.83569
4.84794
4.84794
4.84794
4.84794
4.90308
4.90308
4.90308
4.90308
4.95052
4.95052
4.95052
4.95052
5.02694
5.02694
5.02694
5.02694
5.14928
5.14928
5.14928
5.14928
5.21062
5.21062
5.21062
5.21062
5.32007
5.32007
5.32007
5.32007
5.34054
5.34054
5.34054
5.34054
5.46471
5.46471
5.46471
5.46471
5.49244
5.49244
5.49244
5.49244
5.51406
5.51406
5.51406
5.51406
5.5786
5.5786
5.5786
5.5786
5.64621
5.64621
5.64621
5.64621
6.00918
6.00918
6.00918
6.00918
6.08039
6.08039
6.08039
6.08039
6.1185
6.1185
6.1185
6.1185
6.20367
6.20367
6.20367
6.20367
6.21325
6.21325
6.21325
6.21325
6.22671
6.22671
6.22671
6.22671
6.23946
6.23946
6.23946
6.23946
6.30868
6.30868
6.30868
6.30868
6.34462
6.34462
6.34462
6.34462
6.40169
6.40169
6.40169
6.40169
6.41428
6.41428
6.41428
6.41428
6.45238
6.45238
6.45238
6.45238
6.52159
6.52159
6.52159
6.52159
6.52964
6.52964
6.52964
6.52964
6.54692
6.54692
6.54692
6.54692
6.6753
6.6753
6.6753
6.6753
6.79937
6.79937
6.79937
6.79937
6.84593
6.84593
6.85078
6.85078
6.85078
6.85078
6.85405
6.85405
6.85405
6.85405
6.85681
6.85681
6.85681
6.85681
6.85741
6.85741
6.85741
6.85741
6.89669
6.89669
6.89669
6.89669
6.91223
6.91223
6.91223
6.91223
6.9135
6.9135
6.9135
6.9135
6.91604
6.91604
6.91741
6.91741
6.93211
6.93211
6.93211
6.93211
6.93336
6.93336
6.93336
6.93336
6.93428
6.93428
6.9438
6.9438
6.9438
6.9438
6.95662
6.95662
6.95662
6.95662
6.95703
6.95703
6.95703
6.95703
6.96603
6.96603
6.96603
6.96603
6.96704
6.96704
6.9837
6.9837
6.9837
6.9837
6.9854
6.9854
7.00543
7.00543
7.00784
7.00784
7.00784
7.00784
7.02408
7.02408
7.02664
7.02664
7.04066
7.04066
7.05361
7.05361
7.05361
7.05361
7.05832
7.05832
7.06014
7.06014
7.06217
7.06217
7.0691
7.0691
7.09795
7.09795
7.09795
7.09795
7.10881
7.10881
7.10881
7.10881
7.12134
7.12134
7.12134
7.12134
7.13336
7.13336
7.13336
7.13336
7.14073
7.14073
7.14813
7.14813
7.14813
7.14813
7.15649
7.15649
7.1633
7.1633
7.1633
7.1633
7.16368
7.16368
7.16368
7.16368
7.19161
7.19161
7.19161
7.19161
7.20532
7.20532
7.20532
7.20532
7.21109
7.21109
7.21265
7.21265
7.22904
7.22904
7.28404
7.28404
7.30758
7.30758
7.30842
7.30842
7.30842
7.30842
7.31072
7.31072
7.32772
7.32772
7.32772
7.32772
7.376
7.376
7.41058
7.41058
7.61824
7.61824
7.61824
7.61824
7.63166
7.63166
7.63166
7.63166
7.93755
7.93755
7.93755
7.93755
8.22797
8.22797
8.22797
8.22797
8.2397
8.2397
8.2397
8.2397
8.2406
8.2406
8.2406
8.2406
8.24287
8.24287
8.24287
8.24287
8.2517
8.2517
8.2517
8.2517
8.33508
8.33508
8.33508
8.33508
8.35219
8.35219
8.35219
8.35219
8.35774
8.35774
8.35774
8.35774
8.40496
8.40496
8.40496
8.40496
8.42655
8.42655
8.42655
8.42655
8.47373
8.47373
8.47373
8.47373
8.50844
8.50844
8.50844
8.50844
8.52949
8.52949
8.52949
8.52949
8.56994
8.56994
8.56994
8.56994
8.59603
8.59603
8.59603
8.59603
8.71739
8.71739
8.71739
8.71739
8.78838
8.78838
8.78838
8.78838
8.92257
8.92257
8.9424
8.9424
8.9424
8.9424
8.94957
8.94957
8.95403
8.95403
8.95403
8.95403
8.95534
8.95534
8.95534
8.95534
8.95544
8.95544
8.95544
8.95544
8.95702
8.95702
8.96027
8.96027
8.96027
8.96027
8.96198
8.96198
8.96203
8.96203
8.97774
8.97774
8.99209
8.99209
8.99209
8.99209
8.99418
8.99418
8.99521
8.99521
8.99521
8.99521
9.00232
9.00232
9.00232
9.00232
9.011
9.011
9.01549
9.01549
9.01602
9.01602
9.01602
9.01602
9.01802
9.01802
9.01802
9.01802
9.02314
9.02314
9.02314
9.02314
9.02384
9.02384
9.02384
9.02384
9.02666
9.02666
9.03054
9.03054
9.03054
9.03054
9.03499
9.03499
9.03963
9.03963
9.03963
9.03963
9.03983
9.03983
9.03983
9.03983
9.04202
9.04202
9.04202
9.04202
9.04628
9.04628
9.04858
9.04858
9.05408
9.05408
9.05408
9.05408
9.05605
9.05605
9.05701
9.05701
9.05753
9.05753
9.06354
9.06354
9.06354
9.06354
9.06529
9.06529
9.06529
9.06529
9.0833
9.0833
9.08483
9.08483
9.08483
9.08483
9.10555
9.10555
9.12413
9.12413
9.12413
9.12413
9.12522
9.12522
9.12522
9.12522
9.13687
9.13687
9.13687
9.13687
9.14931
9.14931
9.15519
9.15519
9.15715
9.15715
9.15715
9.15715
9.15775
9.15775
9.17713
9.17713
9.17952
9.17952
9.17952
9.17952
9.19108
9.19108
9.19108
9.19108
9.20307
9.20307
9.21046
9.21046
9.27704
9.27704
9.27704
9.27704
9.28376
9.28376
9.28376
9.28376
9.28879
9.28879
9.28879
9.28879
9.29041
9.29041
9.29041
9.29041
9.30241
9.30241
9.30241
9.30241
9.30678
9.30678
9.30678
9.30678
9.31391
9.31391
9.31391
9.31391
9.32334
9.32334
9.32334
9.32334
9.32421
9.32421
9.32421
9.32421
9.33307
9.33307
9.33307
9.33307
9.33471
9.33471
9.33471
9.33471
9.34165
9.34165
9.34165
9.34165
9.39132
9.39132
9.40384
9.40384
9.40389
9.40389
9.42127
9.42127
9.42237
9.42237
9.42408
9.42408
9.43699
9.43699
9.43717
9.43717
9.44298
9.44298
9.44687
9.44687
9.46454
9.46454
9.47161
9.47161
9.5812
9.5812
9.5812
9.5812
10.8491
10.8491
10.8491
10.8491
10.8587
10.8587
10.8587
10.8587
10.8702
10.8702
10.8702
10.8702
10.8723
10.8723
10.8723
10.8723
10.8822
10.8822
10.8835
10.8835
10.8884
10.8884
10.889
10.889
10.8911
10.8911
10.8911
10.8911
10.8938
10.8938
10.8944
10.8944
10.8946
10.8946
10.8958
10.8958
10.8982
11.0889
11.0889
11.0889
11.0889
11.8778
11.8778
11.8778
11.8778
15.6389
15.6389
15.6389
15.6389
17.8197
17.8197
17.8197
17.8197
21.2191
21.2191
21.2191
21.2191
24.9584
24.9584
24.9584
24.9584
25.2703
25.2703
25.2703
25.2703
30.1478
30.1478
30.1478
30.1478
33.7069
33.7069
33.7069
33.7069
38.6284
38.6284
38.6284
38.6284
43.0961
43.0961
43.0961
43.0961
51.8975
51.8975
51.8975
51.8975
59.7996
59.7996
59.7996
59.7996
76.4716
76.4716
76.4716
76.4716
86.1254
86.1254
86.1254
86.1254
129.873
129.873
129.873
129.873
139.64
139.64
139.64
139.64
153.444
153.444
153.444
153.444
179.716
179.716
179.716
179.716
187.899
187.899
187.899
187.899
253.318
253.318
253.318
253.318
286.836
286.836
286.836
286.836
574.352
574.352
574.352
574.352
