persistence intervals in dim 0:
(0.0,inf)
(0.0,3.7303819999999925)
(0.0,3.7215162500000063)
(0.0,3.716717250000002)
(0.0,3.7143254999999984)
(0.0,3.7139014999999995)
(0.0,3.7123425000000068)
(0.0,3.711772249999998)
(0.0,3.7112052500000003)
(0.0,3.7049312499999996)
(0.0,3.704064750000007)
(0.0,3.694821250000002)
(0.0,3.6928290000000024)
(0.0,3.691341249999998)
(0.0,3.6792935000000013)
(0.0,3.679122500000001)
(0.0,3.677768249999998)
(0.0,3.677290250000005)
(0.0,3.675956749999992)
(0.0,3.674520500000007)
(0.0,3.6739827499999986)
(0.0,3.6702874999999993)
(0.0,3.669740250000004)
(0.0,3.669261500000001)
(0.0,3.668470000000005)
(0.0,3.6664695000000083)
(0.0,3.6663274999999977)
(0.0,3.6639582499999976)
(0.0,3.6629945000000026)
(0.0,3.6616275)
(0.0,3.661316250000003)
(0.0,3.660384749999997)
(0.0,3.65758425)
(0.0,3.657518749999995)
(0.0,3.6574969999999993)
(0.0,3.6574884999999973)
(0.0,3.656417499999997)
(0.0,3.6538344999999985)
(0.0,3.6526384999999983)
(0.0,3.651992250000002)
(0.0,3.651732250000004)
(0.0,3.6501635000000014)
(0.0,3.6488312500000033)
(0.0,3.6484372500000006)
(0.0,3.647523500000003)
(0.0,3.647508500000003)
(0.0,3.646261999999998)
(0.0,3.6445107499999985)
(0.0,3.64435325)
(0.0,3.6441252499999948)
(0.0,3.642908250000005)
(0.0,3.640599499999995)
(0.0,3.6405084999999975)
(0.0,3.638973500000006)
(0.0,3.6382327500000002)
(0.0,3.63607325)
(0.0,3.635466499999999)
(0.0,3.6353950000000035)
(0.0,3.634231500000004)
(0.0,3.634129250000001)
(0.0,3.6339312500000034)
(0.0,3.6335752499999936)
(0.0,3.6332224999999956)
(0.0,3.6326945)
(0.0,3.632685250000006)
(0.0,3.6305487499999924)
(0.0,3.6281522499999883)
(0.0,3.627589500000002)
(0.0,3.627093499999999)
(0.0,3.6269187499999997)
(0.0,3.626877249999994)
(0.0,3.6266754999999966)
(0.0,3.6262535000000016)
(0.0,3.6256052500000013)
(0.0,3.625462249999999)
(0.0,3.623118749999997)
(0.0,3.6219865000000038)
(0.0,3.6219747500000015)
(0.0,3.621388500000003)
(0.0,3.6213390000000034)
(0.0,3.6197922499999957)
(0.0,3.6197659999999994)
(0.0,3.6194830000000033)
(0.0,3.619459000000003)
(0.0,3.618596249999999)
(0.0,3.618416749999999)
(0.0,3.618125)
(0.0,3.6180022500000035)
(0.0,3.61754725)
(0.0,3.6169435000000023)
(0.0,3.6163354999999995)
(0.0,3.616181999999993)
(0.0,3.6161035000000004)
(0.0,3.615912500000002)
(0.0,3.6153672499999994)
(0.0,3.6147969999999985)
(0.0,3.614111250000006)
(0.0,3.613358750000001)
(0.0,3.613345249999998)
(0.0,3.610735250000009)
(0.0,3.610138499999999)
(0.0,3.609004999999998)
(0.0,3.608260249999999)
(0.0,3.6070334999999982)
(0.0,3.606508500000005)
(0.0,3.6061435000000013)
(0.0,3.605188250000003)
(0.0,3.6048647500000004)
(0.0,3.6047122500000044)
(0.0,3.604573999999996)
(0.0,3.604567249999997)
(0.0,3.6036589999999986)
(0.0,3.603290000000001)
(0.0,3.6027327500000004)
(0.0,3.602050249999994)
(0.0,3.601732250000012)
(0.0,3.601377500000008)
(0.0,3.5996425000000034)
(0.0,3.5983075000000033)
(0.0,3.598101499999995)
(0.0,3.5967015)
(0.0,3.596491000000001)
(0.0,3.5961932500000087)
(0.0,3.5945925)
(0.0,3.593912750000004)
(0.0,3.592213499999997)
(0.0,3.5911889999999977)
(0.0,3.591156499999994)
(0.0,3.5903765000000014)
(0.0,3.590266250000001)
(0.0,3.5900712499999994)
(0.0,3.590043500000003)
(0.0,3.589996750000006)
(0.0,3.5897889999999997)
(0.0,3.589291249999997)
(0.0,3.589010750000006)
(0.0,3.5876355)
(0.0,3.586688500000003)
(0.0,3.5854489999999952)
(0.0,3.5845762499999947)
(0.0,3.5840652499999934)
(0.0,3.5821655000000097)
(0.0,3.581930250000001)
(0.0,3.5818814999999913)
(0.0,3.5811585000000044)
(0.0,3.578621250000003)
(0.0,3.577961499999997)
(0.0,3.5773414999999993)
(0.0,3.577070750000001)
(0.0,3.5768147499999987)
(0.0,3.5765604999999994)
(0.0,3.576454499999996)
(0.0,3.575791500000001)
(0.0,3.5757395000000027)
(0.0,3.5753232500000034)
(0.0,3.5751765000000066)
(0.0,3.5742007500000037)
(0.0,3.5731152500000034)
(0.0,3.572531249999999)
(0.0,3.5703659999999884)
(0.0,3.569510000000002)
(0.0,3.569052499999998)
(0.0,3.568945499999998)
(0.0,3.567809500000002)
(0.0,3.5674939999999977)
(0.0,3.5672994999999936)
(0.0,3.5666527500000003)
(0.0,3.5663100000000014)
(0.0,3.5644874999999967)
(0.0,3.562571499999997)
(0.0,3.5621502499999957)
(0.0,3.5607262499999983)
(0.0,3.5602182499999993)
(0.0,3.559976499999993)
(0.0,3.5581025000000026)
(0.0,3.55772525)
(0.0,3.5537847499999993)
(0.0,3.553766000000002)
(0.0,3.553287499999999)
(0.0,3.5517052500000066)
(0.0,3.550752499999998)
(0.0,3.550681000000004)
(0.0,3.5505942500000014)
(0.0,3.548142749999999)
(0.0,3.5481332500000033)
(0.0,3.5478772499999964)
(0.0,3.547169000000001)
(0.0,3.5461455000000015)
(0.0,3.5456090000000025)
(0.0,3.5416632499999987)
(0.0,3.5391382500000015)
(0.0,3.537904499999997)
(0.0,3.5361404999999992)
(0.0,3.533037250000004)
(0.0,3.529877249999995)
(0.0,3.5291024999999987)
(0.0,3.528172249999999)
(0.0,3.52759875)
(0.0,3.5236385000000023)
(0.0,3.5219802500000013)
(0.0,3.519353999999999)
(0.0,3.509791250000001)
(0.0,3.5048354999999978)
(0.0,3.50233125)
(0.0,3.495835249999999)
(0.0,3.494163249999995)
(0.0,3.488901499999999)
(0.0,3.4857235000000055)
(0.0,3.4826185000000054)
(0.0,3.4759192499999942)
(0.0,3.4512572499999985)
(0.0,2.1223087500000015)
(0.0,1.9936872499999978)
persistence intervals in dim 1:
(4.309672500000003,23.85788386648671)
(4.393350499999999,21.127507901337065)
(4.79118225,20.92006935143668)
(4.923121999999999,19.70560875670577)
(6.674802500000002,20.95269415608577)
(4.92082625,18.248688247657896)
(12.52671149999999,24.002252141789832)
(4.575468500000002,13.730360437376085)
(10.972259000000001,18.928281760883166)
(5.985437000000003,13.710601436111235)
(15.857328500000019,23.016492246197526)
(14.8855985,21.510727127754112)
(12.68528899999999,18.998028895832874)
(12.50960825,18.719689104860933)
(12.321128250000005,18.494409013568315)
(3.6913205000000007,9.674932329638146)
(4.008691500000002,9.687063229105682)
(8.739614500000005,13.984714585397738)
(4.858064250000005,9.966628317905187)
(4.11254825,9.110932076535082)
(4.348900499999999,9.210154350041933)
(4.368195499999997,9.18998903761486)
(4.306963999999997,9.070501809245984)
(4.3145352500000005,9.01385769772749)
(4.954437500000001,9.468935234627473)
(15.53115125,19.99595353646456)
(4.6551605,9.063959980963208)
(4.5200205000000055,8.87539841190269)
(11.625048500000007,15.93875904277603)
(4.693464750000002,8.935856220889598)
(4.577998499999998,8.809839188619497)
(4.809400250000001,8.885998084502633)
(4.570698750000004,8.622548709907573)
(4.960225250000001,9.006302700877171)
(4.741090999999998,8.785795484630357)
(5.300228250000004,9.334307589395532)
(5.269407249999995,9.285547947622355)
(8.836539499999999,12.741949823092625)
(4.668252250000009,8.573083188324105)
(11.536209000000007,15.428313151111782)
(5.079449,8.952224916770518)
(9.862098750000005,13.704896478636527)
(5.051299250000001,8.851378796583946)
(15.044685500000018,18.809121389790523)
(5.220182249999997,8.98187947673442)
(13.496650500000008,17.224033578169767)
(14.839817499999999,18.543163078116528)
(5.066732,8.744935082215859)
(4.707156499999995,8.382065629175692)
(4.4655900000000015,8.138513716272534)
(5.097776249999991,8.755548813486294)
(5.321511500000002,8.979167089771286)
(5.016224250000002,8.65580029204861)
(4.937527250000002,8.573318749273355)
(5.572834,9.201522370878845)
(5.635804750000002,9.22977242782497)
(4.912141249999996,8.498234048733002)
(4.947226999999996,8.483887062182575)
(5.086596249999996,8.589456621385184)
(14.102648249999984,17.54900443092746)
(6.04999199999999,9.373979827142506)
(15.004810250000006,18.302451366406586)
(9.106308500000008,12.381726039212275)
(5.567201500000005,8.81197087065885)
(5.273669500000004,8.489489094376962)
(4.542931250000002,7.683842746421547)
(5.609131250000008,8.695631090230862)
(9.403915249999997,12.48836271907508)
(4.9197032499999995,7.974833435049698)
(5.56896875,8.61093746584945)
(5.297492249999998,8.29609694382161)
(5.222448250000008,8.206836213387165)
(5.699610749999998,8.629637207145421)
(5.25269625,8.121073245006713)
(5.964741000000004,8.820305592119123)
(5.355070500000007,8.160358102995886)
(7.531844749999999,10.336631001272913)
(5.394407250000002,8.080646546759429)
(6.3769115,9.056982471900444)
(7.6957902500000035,10.370664552725074)
(6.499494499999999,9.165688992572584)
(5.7292454999999975,8.383197266483883)
(5.3601019999999995,8.001303236807288)
(12.125947250000005,14.718045488475031)
(6.6438829999999935,9.21360865914384)
(5.6447652500000025,8.21092834933599)
(6.555370250000005,9.095910143658607)
(5.935482499999997,8.452431447481164)
(5.164631250000003,7.636347048175153)
(9.80172525,12.255262349008374)
(6.000815249999997,8.355890965584212)
(6.380474499999999,8.695749853119061)
(7.968010249999997,10.271424382712148)
(6.157614750000002,8.43994459865728)
(15.643799249999992,17.922185182575475)
(12.018237250000004,14.272418894656507)
(14.439380500000015,16.528889090174896)
(9.747786500000021,11.82841555408685)
(6.381705500000008,8.401488686196588)
(6.155378249999993,8.125639676806422)
(6.103073999999999,8.054552238389217)
(6.10881925,8.043558137246523)
(5.904875250000002,7.822858243935189)
(6.303657250000001,8.20384361722273)
(6.629829249999993,8.505048663488004)
(7.057675250000008,8.925469478330655)
(6.464101249999996,8.325141305835931)
(6.817666500000005,8.666200251512798)
(5.838522249999997,7.673959423853301)
(6.081872250000016,7.8933902747227815)
(6.54019725,8.349377604717901)
(6.724207249999999,8.511766500862322)
(6.727843,8.508168270642237)
(19.9460075,21.711756612106505)
(6.826060500000006,8.580260268471694)
(6.438249500000003,8.192439956664987)
(8.6608535,10.379030747104881)
(6.555816749999998,8.26484632744515)
(10.519361250000003,12.186715645868532)
(16.9780315,18.641586742856536)
(7.316875249999992,8.971163346520925)
(7.7663855000000055,9.411903662389909)
(6.474775250000006,8.111224058970834)
(6.8212632499999994,8.427184274191731)
(7.099900250000005,8.699037204022453)
(10.660441500000003,12.247882226990736)
(6.5542175,8.13825584846892)
(5.79109049999999,7.335138954245661)
(6.650599250000003,8.170366849265811)
(6.8934162499999925,8.368328815465587)
(7.100475500000016,8.571499575984529)
(7.118394500000001,8.58099164450051)
(6.6114394999999995,8.059660467875588)
(10.655303500000004,12.100917336393746)
(4.816790750000003,6.253061057868408)
(22.3553695,23.778156352933863)
(7.332106000000003,8.742198448155271)
(26.13271925,27.534855349259416)
(7.0854664999999954,8.464295390836906)
(7.075552249999998,8.42313335466443)
(7.171908249999996,8.517865574614241)
(7.041568500000002,8.386114538004083)
(11.282715249999997,12.625585663374446)
(17.8275455,19.167490752790805)
(29.02290149999999,30.329203799107894)
(7.588012249999993,8.887637615482273)
(7.315627250000004,8.598036138610762)
(26.18958200000001,27.46898756152168)
(21.146854500000003,22.421896109371595)
(6.786304250000002,8.04352350668643)
(17.083862749999994,18.32094553872662)
(11.468399249999997,12.69714437771308)
(7.605335250000001,8.829224533457324)
(6.843332499999998,8.065252144906935)
(6.981333500000009,8.19671873567469)
(6.734570749999996,7.917653566471255)
(20.910732499999995,22.090290045831942)
(7.29420125,8.460211980750856)
(21.91531625,23.07568285426982)
(7.7866695,8.928756076015892)
(7.24271525,8.382318676921988)
(5.984581499999994,7.11552024799739)
(13.923899249999995,15.05320715425248)
(7.377942249999993,8.505606900039869)
(24.70901125,25.819591051716397)
(7.446974249999993,8.553847653593312)
(7.12132825,8.20659886578218)
(15.838006250000014,16.92179907672697)
(7.438689000000014,8.521463170341658)
(7.866627250000018,8.926222764442045)
(10.300927499999993,11.35656837628212)
(7.343952250000001,8.39823251690548)
(10.113947249999999,11.155429663432209)
(7.190403,8.223844750274305)
(6.912469999999997,7.9195527307550275)
(6.5407049999999956,7.546761929275526)
(6.646278249999986,7.640009396847045)
(7.818600499999997,8.79485607967436)
(7.14740874999999,8.110465691067471)
(7.297571250000001,8.260574658416841)
(12.89862725000001,13.860129786876062)
(7.388391500000003,8.347578786817547)
(6.44144875,7.372827327218565)
(7.3709892499999885,8.283408527883726)
(7.727168749999995,8.639240208287898)
(9.100696750000004,10.009114436311313)
(17.32853275,18.206423891744258)
(13.899786500000006,14.774547670461631)
(16.977662250000005,17.83675328881131)
(7.709100250000003,8.528708743139298)
(21.54933350000001,22.364651282603923)
(7.1776595000000025,7.9887007133682335)
(8.415082999999994,9.221962844708539)
(7.162772499999999,7.962035440491254)
(6.305457249999998,7.101378939567894)
(13.358843499999997,14.14680106799589)
(7.907142249999991,8.680906220611174)
(20.717939,21.488194571625634)
(8.052598,8.822593821928333)
(7.573962750000007,8.342467093606214)
(4.581132499999999,5.259162162690014)
(9.318881999999997,9.977281585424109)
(8.104629499999996,8.754634417626558)
(16.327289249999993,16.97328114608922)
(16.760053500000012,17.404419661919327)
(16.606531250000018,17.24390335290115)
(8.095533999999999,8.729069630512182)
(5.844654749999997,6.4729949592543985)
(10.334248500000005,10.962366775399172)
(7.213720249999992,7.838002404292142)
(6.8145834999999915,7.4359812812135715)
(21.79693649999998,22.41509562357208)
(8.321359249999999,8.930189040025486)
(7.390017500000004,7.990850174712792)
(13.894333999999985,14.493408793236465)
(17.1273665,17.724883261884486)
(10.228203500000005,10.787267898868471)
(18.74603524999999,19.29499870276124)
(13.978630250000005,14.522145808102852)
(5.567033000000003,6.100450074396694)
(12.44670674999999,12.978296681700568)
(25.71162850000001,26.23819930204222)
(10.1794395,10.705951088461727)
(19.992186999999983,20.518622364192286)
(14.816118749999994,15.341355737439027)
(15.758108750000002,16.281400842458236)
(14.235422749999998,14.723550301033093)
(6.343590499999999,6.827150685630175)
(8.295949999999996,8.774277168010089)
(7.861852250000009,8.337496893123786)
(7.344141249999998,7.815530478554141)
(15.276088249999987,15.73639735709553)
(15.578464250000014,16.009413521241292)
(14.739644249999998,15.162468921806116)
(5.111116499999995,5.5305288229756435)
(26.57745525,26.996732503358366)
(8.835577250000005,9.254519621207184)
(55.19501824999999,55.61049245598811)
(16.354361249999997,16.767308261061153)
(9.170953999999991,9.5781700787856)
(6.179961500000003,6.5804933203338365)
(8.13827849999999,8.52690539915461)
(10.952106250000003,11.338466741947439)
(19.732008250000007,20.114093783287302)
(6.1413212500000025,6.518581186779629)
(23.103154249999996,23.480006299116894)
(25.36754125000001,25.74260810898964)
(7.649453249999993,8.010143545317888)
(13.788112249999998,14.142825663470607)
(6.383023500000007,6.7304377158088435)
(15.471589500000004,15.813537284516594)
(15.937050499999994,16.277416849426984)
(7.6483849999999975,7.982475140742698)
(9.287734750000002,9.618280489912351)
(27.113729499999998,27.44293171693861)
(8.527876500000001,8.843747474251373)
(19.331493500000008,19.64249002409298)
(7.796774750000001,8.099301045601276)
(11.080495999999986,11.381357496715971)
(7.256037000000007,7.554997038535994)
(19.80343400000001,20.09796928882478)
(15.248500500000006,15.542203976239273)
(8.524734500000005,8.814217817439474)
(11.572648250000007,11.8587848964458)
(10.985108750000016,11.268107396492006)
(23.702157249999985,23.979855329289364)
(6.53612749999999,6.81116991816638)
(6.808298000000001,7.074064802015242)
(23.786480999999995,24.04914210033654)
(9.01663474999999,9.275456568251748)
(11.673899499999994,11.93140788119895)
(11.245972499999997,11.502999298510325)
(23.18898625,23.44432631809024)
(7.2013004999999986,7.455189030333534)
(7.744543499999994,7.997745629051559)
(31.535520500000004,31.782094655413008)
(6.976929499999999,7.213201859387583)
(7.321766750000005,7.556565782651671)
(13.840786250000004,14.074982013499998)
(25.441487250000005,25.67452093698151)
(9.128988999999992,9.359092671362687)
(9.153430249999992,9.382813644384884)
(17.185478749999994,17.413816590970853)
(8.587349249999999,8.813740500773699)
(7.449836750000005,7.675023307045695)
(31.86272474999998,32.085652980824136)
(7.733276750000002,7.9539469112243)
(19.3880765,19.60640690047244)
(23.99136750000001,24.20948088613749)
(13.175437249999998,13.392601248062046)
(7.465696500000011,7.6811556476065554)
(8.14448925,8.350804094126076)
(46.18231925,46.38617908304941)
(7.81955825,8.021707640184642)
(5.971617499999999,6.171680586618136)
(7.574291000000002,7.770548089016306)
(13.090446499999992,13.281789409607622)
(18.55235925,18.73188291953526)
(6.690829500000004,6.869334690846365)
(8.218107499999991,8.394941636538011)
(17.318324250000003,17.49511778395403)
(7.903206250000002,8.077649683119834)
(7.935362500000004,8.109715035316105)
(24.34701350000001,24.520733581069667)
(9.4028895,9.576587710673685)
(7.549465250000006,7.722583831708293)
(7.943200250000002,8.11608338454099)
(12.30578450000001,12.476743720644743)
(9.869167500000001,10.035828679456637)
(15.807398,15.972497482659708)
(7.429503499999996,7.593010067025122)
(16.17070025000001,16.32689322225621)
(10.046429,10.196540596703446)
(16.688388999999997,16.83246980411978)
(11.016226250000015,11.159728393869749)
(7.036188999999984,7.177742534394586)
(16.529161250000023,16.662575782550746)
(7.718545999999992,7.848904573584374)
(24.557672000000004,24.685443577118946)
(8.474823249999988,8.599332993648957)
(8.041555499999998,8.163691779280779)
(7.816819500000005,7.935123708090474)
(10.66756350000001,10.783681672914014)
(17.379977500000006,17.494252105410627)
(7.622446249999994,7.73515497217976)
(9.93682849999999,10.046987140108737)
(7.241182250000002,7.34972674605023)
(7.602889249999995,7.709565407077784)
(7.573038499999997,7.6744580372874704)
(21.85626799999998,21.9574564727333)
(10.296954,10.395394306712983)
(7.339653499999988,7.4369614958668215)
(18.57513549999999,18.672394880629533)
(14.07363025,14.170244261698041)
(9.751207250000004,9.847274933114235)
(14.116831250000008,14.209774632893101)
(9.416213500000003,9.50915324518861)
(7.322702250000004,7.412740523088237)
(12.282750749999995,12.370275534404584)
(20.084515250000003,20.170669524382927)
(6.777880249999994,6.860826720853195)
(8.303684250000003,8.384552486162594)
(7.707026250000014,7.786246462194812)
(8.749920750000005,8.82674290792692)
(11.511506999999996,11.586565047656478)
(8.066068499999997,8.140605347169426)
(7.720998250000012,7.793418866990761)
(7.777519249999996,7.847945921887067)
(11.049164999999999,11.118370185616337)
(9.384711250000006,9.45311066923499)
(8.105306749999997,8.173089573594847)
(7.763172500000003,7.82800467139686)
(18.302376750000004,18.366006996210125)
(12.854937250000003,12.917282140249256)
(7.936541000000007,7.998647299968267)
(8.068361249999999,8.130024712628686)
(7.546407500000004,7.605727806659567)
(9.538668500000005,9.597157511687856)
(7.6442262499999964,7.701697599301829)
(7.209942,7.267357508049749)
(13.45282825,13.508280694732989)
(21.832697250000002,21.887617152149865)
(7.262518499999999,7.317129891101676)
(6.609748999999992,6.664354633962849)
(8.933652750000006,8.987805241029069)
(8.864678000000005,8.917516492646026)
(6.703437499999999,6.7561118495163655)
(7.936392500000013,7.988449939401649)
(8.632912500000005,8.684771191371453)
(7.605029499999999,7.656354366365084)
(8.98752725,9.038754257128655)
(7.738763249999995,7.788136681783914)
(8.107442749999992,8.155698162101377)
(9.170743500000006,9.217632864303914)
(8.87888150000001,8.924430732569556)
(25.3768585,25.42166278272679)
(11.565852500000005,11.609658805701248)
(7.845490999999997,7.888062174804432)
(7.744387499999994,7.784965736616218)
(11.958291250000002,11.998762683559317)
(8.515477249999993,8.554708283886225)
(8.4499995,8.485730158126263)
(8.19066825,8.226306027695578)
(32.04142850000001,32.0752401423048)
(10.721041249999999,10.75357720634852)
(8.953048500000005,8.983335184422057)
(8.7047475,8.734292869609373)
(8.121665250000007,8.151164476948871)
(19.89899525,19.92643822760445)
(14.594097249999997,14.621257053483799)
(8.140320499999987,8.167033673278713)
(10.717109500000005,10.742102772142538)
(5.425360250000005,5.450039190493861)
(8.210306000000001,8.234260360174188)
(7.489281250000001,7.512916967405114)
(8.2162805,8.238788807278453)
(8.057592749999998,8.079802990579324)
(13.218418249999992,13.238298500578694)
(8.397087499999996,8.416590919617315)
(18.104638500000007,18.124008262301764)
(20.574965500000022,20.593124507095325)
(38.74764875,38.76415079567599)
(7.853832750000002,7.869869881577159)
(10.53666274999999,10.552623325604099)
(20.900883250000017,20.91569025216143)
(7.409134250000007,7.423672251227092)
(22.498265250000003,22.512089423128838)
(6.994197999999989,7.006167395712269)
(8.89724025,8.908160772970867)
(11.116048750000028,11.126954616772194)
(8.373958499999997,8.384653384852744)
(8.225175499999999,8.235638033359237)
(7.926941000000001,7.935995074146652)
(9.352536750000002,9.361445425619664)
(25.3781435,25.38589816780094)
(7.648433999999995,7.655762487505514)
(9.371190499999999,9.37834631073165)
(8.432175249999991,8.439212214612244)
(23.090613499999996,23.097447019061924)
(7.712022499999989,7.7177891784540344)
(8.237419250000006,8.243099566941133)
(11.272198500000005,11.277423981730454)
(7.065678750000007,7.070420305163777)
(8.787401249999998,8.791116480249102)
(10.053752249999999,10.056974566344246)
(10.958359249999996,10.961448362995657)
(11.198804250000006,11.201825548229273)
(13.310356250000002,13.313332083104847)
(7.153618,7.156574340874323)
(7.065091249999995,7.067784718827388)
(8.292617250000008,8.295072844020623)
(7.150890499999999,7.153330591609086)
(11.7341895,11.736628615256413)
(22.51844425000003,22.520756733250014)
(7.770588500000004,7.772839289633107)
(8.230522250000002,8.232220985521746)
(8.337733249999996,8.339119337029555)
(7.1749032499999945,7.176151622496532)
(8.073397499999997,8.074366556132357)
(20.626632,20.627489348403415)
(7.7959955,7.796830819062076)
(8.435332249999995,8.436137326789257)
(8.558234750000004,8.558901497289492)
(12.796492249999993,12.797150297221974)
(9.129873499999999,9.130427694419698)
(27.941828499999993,27.94236367911317)
(20.115627500000006,20.11604745621143)
(9.412717250000007,9.413050063218908)
(7.313967499999997,7.314280020936408)
(10.297924000000007,10.298201638496021)
(22.784426250000013,22.784665554644782)
(7.113165500000001,7.113380399275375)
(8.63780099999999,8.63793188915869)
(12.976194500000002,12.976295166660018)
(8.673738749999995,8.673785511074215)
(8.947955999999996,8.94798359703708)
(8.687703500000001,8.687724239226872)
(8.054887499999996,8.054888793666443)
(24.144295500000002,24.144295679727563)
persistence intervals in dim 2:
(26.65184798778707,47.396136061516444)
(24.84610929180394,37.2670747945551)
(31.931071611522434,39.40604786568274)
(33.05022128885956,37.57867669383886)
(28.991794380974934,33.3612832914729)
(27.107053604785087,31.061913038423725)
(29.704443996285057,32.681731781274244)
(24.696441757347785,27.399551671282303)
(23.533334348009163,25.44640300870451)
(32.42449525008928,34.152784480000626)
(27.655906952262438,29.248483575525796)
(31.61779527917738,33.11762474366205)
(35.734010821527036,37.198088188992095)
(28.939808632754453,30.263127263702575)
(24.73891441967412,25.97653018737214)
(24.715553122234095,25.840185638753766)
(18.933984635696422,20.035292611787867)
(27.952306525575814,28.978356842143807)
(8.968102055586392,9.849856873310138)
(21.85110316287161,22.712991245861172)
(30.053005112020507,30.9068913175187)
(22.853742964701368,23.694978131726653)
(28.172213324941367,28.97297208148344)
(29.26261884494163,30.012200263516164)
(21.85490164599755,22.594327570792636)
(24.460898354177225,25.177097950294176)
(29.87211144291161,30.584815353535813)
(14.55160586143044,15.229169334227425)
(29.49907341921307,30.109658160807598)
(9.66409878887561,10.269692661447447)
(35.54918906783798,36.08879361714412)
(23.438624206983093,23.955772453757547)
(9.552591577690027,10.061400376363029)
(32.13934181022244,32.64339920302542)
(22.885879492521514,23.385206951310685)
(8.138550860949499,8.627615751379135)
(13.230861080083331,13.682370033557557)
(17.562575925524442,18.00745083425459)
(24.429680013796805,24.866498214405148)
(29.137168774950673,29.569211635879505)
(24.53844740600318,24.969681215499104)
(8.484658785521692,8.904161978773523)
(10.617984874243852,10.98569089404489)
(26.17381117799453,26.511511778198198)
(30.307769535972895,30.630468037870784)
(8.918481586753058,9.238241847606245)
(29.593547857935082,29.906277278749485)
(21.101006781957516,21.408099164471732)
(9.065730436063012,9.371001518137442)
(9.719067910264606,9.996293220790696)
(18.606856338125226,18.87829199900184)
(30.304373688712793,30.562254406994672)
(28.996356302830748,29.240025220214996)
(24.14245773781562,24.3803037697243)
(18.041566533482964,18.27501609573433)
(29.73946758410644,29.971703253561273)
(14.418403832696491,14.642459679422076)
(18.06268368019285,18.28658149462704)
(9.226509135770783,9.431759413585986)
(30.029823632504808,30.23143476533545)
(21.544937488655556,21.743845420505863)
(9.13044113352457,9.3286320270518)
(9.495308466768256,9.68997485053745)
(14.94341399728048,15.134365897545072)
(24.808301347480608,24.997846511282702)
(12.454320559585671,12.634497137115304)
(20.43354427648095,20.60858684302366)
(8.126244859792859,8.296946347845477)
(9.558455647689865,9.724380625746322)
(13.935626003431578,14.099624378583034)
(9.967018214567334,10.1246744191013)
(9.694028950569203,9.846583778429984)
(24.95976811219206,25.110362635783297)
(14.701254912064591,14.847186057378632)
(9.042586019382307,9.181969834310589)
(25.71877671630547,25.85749479804541)
(10.058135946022963,10.195677085250097)
(8.458936294336826,8.595264280573854)
(10.092789573069767,10.22730335388813)
(8.410504628093172,8.543557209552215)
(36.42711939059974,36.55734965637812)
(20.443504038339604,20.571774659107394)
(27.571330233887217,27.69864919693669)
(9.281434442593095,9.40812373298716)
(15.302441086744118,15.427479225811766)
(19.824532984724833,19.94752909617683)
(33.94716243972366,34.067326194022606)
(55.935569653476676,56.05195822108918)
(17.95315617824923,18.06641553517993)
(17.112873104427337,17.22035290584271)
(10.771452392208152,10.868831435687824)
(9.91265913393375,10.00983720679326)
(8.97739502135381,9.074075426276607)
(21.958084516200667,22.05335910664978)
(9.233871943898867,9.325288384754796)
(8.299948255340698,8.389697853844375)
(8.684320718717688,8.773934759214786)
(13.08980329418268,13.175425543628137)
(37.73072931993799,37.81594722973122)
(8.48845590338022,8.573571037617047)
(37.45737947260306,37.54245059694922)
(13.863093847942544,13.94610951453824)
(11.637784484971284,11.720319918196061)
(21.678429124406097,21.758030908527804)
(11.62617082965357,11.705481876178968)
(10.399278076911823,10.478373217162869)
(8.825187087455841,8.904205793950602)
(10.386096523007481,10.462058380940658)
(25.781599126113896,25.856766743038534)
(38.76920478107721,38.843579503458564)
(46.964136276380856,47.03747565145778)
(18.52141992868235,18.59361944248871)
(17.657830134877372,17.728790023908964)
(9.408202486383633,9.479069971825584)
(28.942942316002835,29.00819799846044)
(9.632662620522538,9.697762965120335)
(8.41329435412467,8.473466165460565)
(19.676790135479905,19.73640415425303)
(8.645323340089808,8.704584886920447)
(22.479879337882537,22.538685418800398)
(27.444643882988366,27.50271416525713)
(9.37116430722536,9.428166467959532)
(46.404672816343606,46.45747398302426)
(27.466514359222792,27.516778061528562)
(18.05837823079302,18.1039735538699)
(9.404411871226413,9.449825236496288)
(23.915551760662925,23.960522883095845)
(35.510938359036444,35.555783263612454)
(8.970988728147196,9.012383477515915)
(26.412618543957326,26.45215130052948)
(11.651513331339682,11.690895314700516)
(19.929245505900738,19.965811024529152)
(10.826679707956737,10.861241746432334)
(10.758771059489963,10.793006007055395)
(25.172282811477327,25.205164083184364)
(26.595345449199264,26.627883930317644)
(11.919668164920695,11.950861171938826)
(10.598816282970162,10.628749806790683)
(14.54999399864905,14.578968626602002)
(9.418232401159077,9.446608469223033)
(12.767993302485033,12.791950015424284)
(9.023644540274397,9.047574179287405)
(23.672068817221422,23.692738571703494)
(9.49057805359601,9.510568923201859)
(8.66544118851114,8.684450746032876)
(21.263972877836025,21.282548610179823)
(10.472933266946342,10.491267261054716)
(23.034788020621463,23.050884274287228)
(9.20813874236739,9.222399323566748)
(9.692827803610783,9.705859207334889)
(27.31736382261376,27.33038789869576)
(11.799927725285821,11.812002433648399)
(8.270732364366307,8.28089859857895)
(11.513617354002506,11.523733239235295)
(15.024780111199922,15.034850025927177)
(12.928005607072006,12.937500245073494)
(18.64048753326002,18.64912328293003)
(9.848321981547306,9.856383286736364)
(20.80644211108251,20.814058827745164)
(10.291709092020346,10.299267575027624)
(22.001582638143613,22.008953039230555)
(8.32244245621219,8.329566875402971)
(24.362402468738594,24.369238019641053)
(13.502893227979843,13.509534407455874)
(22.131978286623376,22.137133415498077)
(10.787374055860358,10.79227325517746)
(26.505443600531756,26.51021298483862)
(21.099938664555673,21.104678652457903)
(9.153301322297953,9.157849673355965)
(9.400799551392641,9.405273020993214)
(11.236278358511345,11.24039402548043)
(8.507713823395793,8.511794275028024)
(13.240424191643081,13.244236073290839)
(26.762956708930005,26.766123178516345)
(9.76104481366181,9.764191719636344)
(20.240350868628504,20.243448180469315)
(23.683546316633972,23.68661879186993)
(29.06568673317539,29.0686584137651)
(11.360782121479728,11.36351613723898)
(18.767851961808375,18.770266941311498)
(24.717826976117916,24.72004938814502)
(23.07640204340963,23.07857991788751)
(35.226737143930656,35.228284435421344)
(23.110295203026638,23.11162743025524)
(18.938218563130494,18.939283757956645)
(26.282250831681623,26.283296769398465)
(25.318796434419298,25.319722201411338)
(11.326458612773951,11.327104385985708)
(24.98469534940044,24.98491346070447)
(24.96577919073515,24.965971875830995)
(27.668801990628204,27.668952415042085)
(33.100196699761426,33.100264411959444)
(24.928867964416284,24.928934316838852)
(15.89698697278597,15.897013710409926)
