0
0
0
0
0
0
0
0
0
0
0
0
0
0
0
0
0
0
0
0
0.523434
0.523434
0.523434
0.523434
0.523434
0.523434
0.523434
0.523434
0.523434
0.523434
0.523434
0.523434
0.523434
0.523434
0.523434
0.523434
0.523434
0.523434
0.523434
0.523434
0.523434
0.523434
0.523434
0.523434
0.523445
0.523445
0.523445
0.523445
0.523445
0.523445
1.515
1.515
1.515
1.515
1.515
1.515
1.515
1.515
1.515
1.515
1.515
1.515
1.515
1.515
1.515
1.515
1.515
1.515
1.515
1.515
1.515
1.515
1.515
1.515
1.515
1.515
1.515
1.515
1.515
1.515
1.515
1.515
1.515
1.515
1.515
1.515
1.515
1.515
1.515
1.515
1.515
1.515
1.515
1.515
1.515
1.515
1.515
1.515
1.51503
1.51503
1.51503
1.51503
1.51503
1.51503
1.51503
1.51503
1.51503
1.51503
1.51503
1.51503
3.2485
3.2485
3.2485
3.2485
3.2485
3.2485
3.2485
3.2485
3.2485
3.2485
3.2485
3.2485
3.2485
3.2485
3.2485
3.2485
3.2485
3.2485
3.2485
3.2485
3.2485
3.2485
3.2485
3.2485
3.2485
3.2485
3.2485
3.2485
3.2485
3.2485
3.2485
3.2485
3.2485
3.2485
3.2485
3.2485
3.2485
3.2485
3.2485
3.2485
3.2485
3.2485
3.2485
3.2485
3.2485
3.2485
3.2485
3.2485
3.2485
3.2485
3.2485
3.2485
3.2485
3.2485
3.2485
3.2485
3.2485
3.2485
3.2485
3.2485
3.2485
3.2485
3.2485
3.2485
3.2485
3.2485
3.2485
3.2485
3.2485
3.2485
3.2485
3.2485
3.2485
3.2485
3.2485
3.2485
3.2485
3.2485
3.2485
3.2485
3.2485
3.2485
3.2485
3.2485
3.2485
3.2485
3.2485
3.2485
3.2485
3.2485
3.2485
3.2485
3.2485
3.2485
3.2485
3.2485
4.11075
4.11075
4.11075
4.11075
4.11075
4.11075
4.11075
4.11075
4.11075
4.11075
4.11075
4.11075
4.11075
4.11075
4.11075
4.11075
4.11107
4.11107
4.11107
4.11107
4.11107
4.11107
4.11107
4.11107
4.11107
4.11107
4.11107
4.11107
4.11107
4.11107
4.11107
4.11107
4.11107
4.11107
4.11107
4.11107
4.11107
4.11107
4.11107
4.11107
4.11107
4.11107
4.11107
4.11107
4.11107
4.11107
4.11107
4.11107
4.11107
4.11107
4.11107
4.11107
4.11107
4.11107
4.11107
4.11107
4.11107
4.11107
4.11107
4.11107
4.11107
4.11107
4.11107
4.11107
4.11107
4.11107
4.11107
4.11107
4.11107
4.11107
4.11107
4.11107
4.11107
4.11107
4.11107
4.11107
4.11107
